Cell	Lasso.p	Lasso.bin	Elastic.p	Elastic.bin	Random.p	Random.bin	Lasso.23.p	Lasso.23.bin
H1_Exp1.001	0.888697942090598	1	0.814466584901205	1	0.42	0	0.976537915066059	1
H1_Exp1.002	0.934455014246091	1	0.850909322169935	1	0.53	1	0.990292568118922	1
H1_Exp1.003	0.87356760501387	1	0.767780646551966	1	0.41	0	0.966259750059801	1
H1_Exp1.004	0.875579111704551	1	0.801546768353453	1	0.49	0	0.970229868873169	1
H1_Exp1.006	0.918211713373835	1	0.868799439682027	1	0.42	0	0.984762369576167	1
H1_Exp1.007	0.924514562353308	1	0.924054331405095	1	0.45	0	0.986798032947181	1
H1_Exp1.008	0.916354575447489	1	0.875949948860764	1	0.45	0	0.984707424217934	1
H1_Exp1.009	0.848973516278887	1	0.695969322887387	1	0.43	0	0.943687749976566	1
H1_Exp1.010	0.874237969008444	1	0.837436012622767	1	0.43	0	0.961505643966169	1
H1_Exp1.011	0.913928382314836	1	0.816491174685899	1	0.47	0	0.980617601733841	1
H1_Exp1.012	0.877156783231172	1	0.83541140263622	1	0.52	1	0.965770049529048	1
H1_Exp1.014	0.93396994453161	1	0.909912320628874	1	0.47	0	0.991547832709498	1
H1_Exp1.015	0.935745418961726	1	0.881084612119291	1	0.45	0	0.991357137512954	1
H1_Exp1.016	0.950256124884034	1	0.920513456875285	1	0.44	0	0.995036911712746	1
H1_Exp1.017	0.924600597429843	1	0.875977694336402	1	0.45	0	0.986544279357484	1
H1_Exp1.018	0.867111255486138	1	0.803213455294497	1	0.39	0	0.961330060966218	1
H1_Exp1.019	0.926924120401108	1	0.879219345369315	1	0.5	1	0.989088194614139	1
H1_Exp1.020	0.917193412772804	1	0.797679524607799	1	0.43	0	0.977591142688312	1
H1_Exp1.021	0.900461840170887	1	0.838892536521368	1	0.44	0	0.980009382499854	1
H1_Exp1.022	0.880723995873634	1	0.816149621887484	1	0.49	0	0.969166603563569	1
H1_Exp1.023	0.893441680534763	1	0.839399106944536	1	0.46	0	0.978313460364085	1
H1_Exp1.024	0.91715216871664	1	0.873185088143403	1	0.48	0	0.980619872908934	1
H1_Exp1.025	0.704110307798011	1	0.558916703525401	1	0.42	0	0.796447081667166	1
H1_Exp1.026	0.800875742513622	1	0.76660659894644	1	0.53	1	0.903551658612412	1
H1_Exp1.027	0.824794007591507	1	0.685896817394239	1	0.5	1	0.923328719663201	1
H1_Exp1.029	0.890049187573073	1	0.861076697141705	1	0.47	0	0.967641908736062	1
H1_Exp1.030	0.910921270054324	1	0.869658748056718	1	0.49	0	0.976066884646489	1
H1_Exp1.031	0.873330183769074	1	0.78069876229886	1	0.53	1	0.956042325471892	1
H1_Exp1.032	0.684942867302925	1	0.608428539476689	1	0.45	0	0.806522896655272	1
H1_Exp1.033	0.807885251240487	1	0.741971842516222	1	0.44	0	0.910602156796318	1
H1_Exp1.035	0.941198161399018	1	0.924728247502446	1	0.51	1	0.994702047354668	1
H1_Exp1.036	0.863278677154122	1	0.824856877704222	1	0.42	0	0.961718574166537	1
H1_Exp1.038	0.917508474171381	1	0.857036867851191	1	0.53	1	0.979729956979091	1
H1_Exp1.039	0.842570776386181	1	0.720355095022167	1	0.39	0	0.958095558167585	1
H1_Exp1.040	0.857710768185809	1	0.716256083160938	1	0.41	0	0.958604483454084	1
H1_Exp1.041	0.903546733112743	1	0.807137981928686	1	0.43	0	0.973015762655573	1
H1_Exp1.042	0.752808407508545	1	0.659849597649648	1	0.44	0	0.873328220555088	1
H1_Exp1.043	0.86203177037826	1	0.805720085289204	1	0.46	0	0.948442548682419	1
H1_Exp1.044	0.902369262880469	1	0.887260960765162	1	0.51	1	0.97980704195535	1
H1_Exp1.045	0.933688976975519	1	0.919807738050359	1	0.35	0	0.990217860671304	1
H1_Exp1.047	0.834035168660989	1	0.724351682054406	1	0.45	0	0.925194754814764	1
H1_Exp1.048	0.91375942367817	1	0.86953061600762	1	0.43	0	0.980700616696987	1
H1_Exp1.049	0.83772195531992	1	0.761273455225135	1	0.46	0	0.936135974339839	1
H1_Exp1.050	0.820922554247781	1	0.723545509904981	1	0.43	0	0.949328410175591	1
H1_Exp1.051	0.867797150392722	1	0.818755741863531	1	0.51	1	0.960262335004269	1
H1_Exp1.052	0.874884646978225	1	0.794967408762749	1	0.42	0	0.979856052601509	1
H1_Exp1.053	0.792263485659798	1	0.661023467530045	1	0.4	0	0.933044936078253	1
H1_Exp1.054	0.95001548628592	1	0.818388109955655	1	0.38	0	0.992502126007098	1
H1_Exp1.055	0.933965099473451	1	0.861835962560248	1	0.45	0	0.991298669512983	1
H1_Exp1.057	0.900612298471098	1	0.759047523104014	1	0.45	0	0.97516193648165	1
H1_Exp1.058	0.940781208743149	1	0.878841192008526	1	0.49	0	0.990569377392494	1
H1_Exp1.059	0.693354544651649	1	0.420283440858564	0	0.42	0	0.67796297625928	1
H1_Exp1.060	0.782224756247844	1	0.663937405107129	1	0.46	0	0.910964194646565	1
H1_Exp1.061	0.883155792025489	1	0.840326287620559	1	0.45	0	0.969978820245993	1
H1_Exp1.062	0.894301472838294	1	0.78960169630768	1	0.48	0	0.979812523892464	1
H1_Exp1.063	0.8989620196192	1	0.810360265200404	1	0.43	0	0.975603244455868	1
H1_Exp1.064	0.904513900049845	1	0.900640518357456	1	0.44	0	0.986019916552115	1
H1_Exp1.065	0.92754005974869	1	0.871801630246638	1	0.42	0	0.986232987001931	1
H1_Exp1.066	0.647219871011322	1	0.558315512088376	1	0.37	0	0.74012571605642	1
H1_Exp1.068	0.792737594170878	1	0.679760953367541	1	0.51	1	0.889409770291296	1
H1_Exp1.070	0.928098588271135	1	0.890328151308309	1	0.53	1	0.987974688413191	1
H1_Exp2.073	0.952493391378138	1	0.924482360787643	1	0.53	1	0.995439404107991	1
H1_Exp2.074	0.862554842130511	1	0.835399718482335	1	0.49	0	0.956670136044658	1
H1_Exp2.075	0.911575876034827	1	0.899520413230507	1	0.56	1	0.987426614006076	1
H1_Exp2.076	0.948286845869481	1	0.902237110651941	1	0.48	0	0.994912207401151	1
H1_Exp2.077	0.916278410368338	1	0.826277878846065	1	0.53	1	0.982514977223199	1
H1_Exp2.078	0.931449963757828	1	0.843016889283916	1	0.56	1	0.977283270166952	1
H1_Exp2.079	0.957252672482956	1	0.874649388881072	1	0.57	1	0.993327121958327	1
H1_Exp2.080	0.92316805761896	1	0.897498904283508	1	0.56	1	0.98782080670809	1
H1_Exp2.081	0.927439587363519	1	0.881163363097918	1	0.57	1	0.992607051529123	1
H1_Exp2.082	0.824160889622111	1	0.642122736114445	1	0.48	0	0.936965263339629	1
H1_Exp2.083	0.851094195869222	1	0.815493522654541	1	0.48	0	0.966810478355711	1
H1_Exp2.084	0.965218548219428	1	0.940204117604155	1	0.5	1	0.997746863729581	1
H1_Exp2.085	0.949388796923207	1	0.962673369629513	1	0.52	1	0.994029915913996	1
H1_Exp2.086	0.850706096279911	1	0.817579568667575	1	0.57	1	0.955572950775763	1
H1_Exp2.087	0.94462015653342	1	0.891055848368633	1	0.55	1	0.993150057234933	1
H1_Exp2.088	0.924211014937501	1	0.855920538588914	1	0.51	1	0.990443684821152	1
H1_Exp2.089	0.839860579445247	1	0.84852812148642	1	0.55	1	0.942708256184861	1
H1_Exp2.090	0.930527215384491	1	0.881472452885802	1	0.51	1	0.992138616516974	1
H1_Exp2.091	0.941651250759003	1	0.891440733700073	1	0.45	0	0.989835660892943	1
H1_Exp2.092	0.901608005533459	1	0.887862339866742	1	0.54	1	0.977380829725407	1
H1_Exp2.093	0.687240854873855	1	0.544840039692408	1	0.44	0	0.745301328284637	1
H1_Exp2.094	0.91871264098309	1	0.876636046626796	1	0.45	0	0.986421119982275	1
H1_Exp2.096	0.897039811791321	1	0.824470349621388	1	0.44	0	0.978980691551576	1
H1_Exp2.097	0.789675583963344	1	0.706616120227308	1	0.5	1	0.874464254924514	1
H1_Exp2.098	0.853279042173763	1	0.849208096390526	1	0.5	1	0.952389448459215	1
H1_Exp2.099	0.808149185323102	1	0.725073325996546	1	0.5	1	0.929097233036767	1
H1_Exp2.100	0.91737041177529	1	0.847498882011774	1	0.51	1	0.982085879208455	1
H1_Exp2.101	0.970495976494724	1	0.942460248269436	1	0.45	0	0.997469042087024	1
H1_Exp2.102	0.875797172960107	1	0.79936544229837	1	0.51	1	0.971070343076427	1
H1_Exp2.103	0.963287373989793	1	0.914206552210303	1	0.47	0	0.996493227833329	1
H1_Exp2.104	0.940123395907396	1	0.902104430826841	1	0.47	0	0.993692930757417	1
H1_Exp2.105	0.94895045875879	1	0.892122746467632	1	0.47	0	0.992733712446294	1
H1_Exp2.106	0.862502912685649	1	0.806772240176318	1	0.55	1	0.962039581743545	1
H1_Exp2.107	0.824627968252657	1	0.740070508988138	1	0.42	0	0.926684432404833	1
H1_Exp2.108	0.934015782107645	1	0.86947774280788	1	0.51	1	0.990212718633184	1
H1_Exp2.109	0.875519157245369	1	0.759072889408907	1	0.49	0	0.969226915858767	1
H1_Exp2.110	0.789523099269163	1	0.713044080466558	1	0.55	1	0.922078263572433	1
H1_Exp2.111	0.966015007010314	1	0.895748193024021	1	0.49	0	0.995906815249203	1
H1_Exp2.112	0.845881024239668	1	0.791683430559495	1	0.54	1	0.97180572003375	1
H1_Exp2.113	0.876946879698844	1	0.76151169190272	1	0.48	0	0.951747647882922	1
H1_Exp2.114	0.843032620213792	1	0.65772824336964	1	0.45	0	0.943596846232428	1
H1_Exp2.115	0.7548728358226	1	0.681217058691924	1	0.51	1	0.840935591154038	1
H1_Exp2.116	0.899385461128469	1	0.864987405942276	1	0.47	0	0.977262220980004	1
H1_Exp2.117	0.900790446411929	1	0.825632717967924	1	0.48	0	0.982386741534366	1
H1_Exp2.118	0.961597886438227	1	0.930500922019935	1	0.47	0	0.994324120495188	1
H1_Exp2.120	0.913563184973363	1	0.80426664145622	1	0.42	0	0.982532146665256	1
H1_Exp2.121	0.922468945455364	1	0.870402533356258	1	0.48	0	0.985849353172914	1
H1_Exp2.122	0.849036978320395	1	0.78348068034862	1	0.52	1	0.94646575219977	1
H1_Exp2.124	0.945324038625573	1	0.910146107721915	1	0.46	0	0.992213078455151	1
H1_Exp2.125	0.839171449704575	1	0.715997271416619	1	0.45	0	0.966428199620291	1
H1_Exp2.126	0.896341207966755	1	0.839825008805568	1	0.4	0	0.97049613888816	1
H1_Exp2.127	0.863239225057545	1	0.688556043667408	1	0.52	1	0.958071705277692	1
H1_Exp2.128	0.899224718864792	1	0.78075751506372	1	0.37	0	0.976253268002199	1
H1_Exp2.129	0.885963811741509	1	0.711679162436218	1	0.48	0	0.965356516043268	1
H1_Exp2.130	0.800450087544184	1	0.790153180251857	1	0.48	0	0.931888858246065	1
H1_Exp2.132	0.972560548395754	1	0.906071246842681	1	0.54	1	0.997732360852238	1
H1_Exp2.133	0.848965031017873	1	0.620776917792373	1	0.39	0	0.943131451529394	1
H1_Exp2.134	0.967741659876756	1	0.884590853257191	1	0.45	0	0.993268791444532	1
H1_Exp2.135	0.933345895843272	1	0.80942687647454	1	0.48	0	0.987135405363439	1
H1_Exp2.136	0.939790084338297	1	0.924830357281308	1	0.52	1	0.992160685685161	1
H1_Exp2.137	0.929507452029986	1	0.8657120995959	1	0.48	0	0.989431193736031	1
H1_Exp2.138	0.887722722770906	1	0.848680452729603	1	0.46	0	0.980221990945429	1
H1_Exp2.139	0.763432828596739	1	0.603863130376409	1	0.45	0	0.849524711760579	1
H1_Exp2.140	0.853602554232496	1	0.750123174024243	1	0.42	0	0.93842305237239	1
H1_Exp2.141	0.883467533860681	1	0.733265898654834	1	0.47	0	0.97711038389515	1
H1_Exp2.142	0.900416466111185	1	0.838272781591439	1	0.53	1	0.975262872402699	1
H1_Exp2.144	0.884425779396442	1	0.792865006920675	1	0.52	1	0.96527895286987	1
H1_Exp2.145	0.813989858806392	1	0.70074283404893	1	0.38	0	0.923684046867156	1
H1_Exp2.146	0.784450766524655	1	0.605404577318862	1	0.45	0	0.858926811668209	1
H1_Exp2.147	0.921044686193446	1	0.881028859834795	1	0.53	1	0.983848799148302	1
H1_Exp2.148	0.920454302547268	1	0.869645331728454	1	0.47	0	0.987436154083831	1
H1_Exp2.149	0.87858580879353	1	0.855691027195401	1	0.4	0	0.97482050981135	1
H1_Exp2.151	0.809148219494744	1	0.725343588052238	1	0.46	0	0.930994027600289	1
H1_Exp2.152	0.920149611584586	1	0.875720596404108	1	0.47	0	0.980791228117928	1
H1_Exp2.153	0.831224856120711	1	0.72748765786079	1	0.47	0	0.903138554473152	1
H1_Exp2.154	0.70795705287565	1	0.60115512469786	1	0.41	0	0.870106183004844	1
H1_Exp3.218	0.8538148331952	1	0.694734487630737	1	0.4	0	0.961262456038066	1
H1_Exp3.219	0.749373747930129	1	0.517180424659752	1	0.51	1	0.858775545831328	1
H1_Exp3.220	0.764448545422436	1	0.473250703870868	0	0.41	0	0.838780441363027	1
H1_Exp3.221	0.934504708402514	1	0.926433646252843	1	0.47	0	0.990803415647588	1
H1_Exp3.222	0.874297055298074	1	0.824801821293865	1	0.51	1	0.971315547980982	1
H1_Exp3.223	0.875814715647805	1	0.851983962790345	1	0.44	0	0.976304895982543	1
H1_Exp3.224	0.812260657940907	1	0.706978359387132	1	0.31	0	0.943056791095454	1
H1_Exp3.225	0.929887775216824	1	0.867289017697674	1	0.45	0	0.990340869655962	1
H1_Exp3.226	0.759773285125003	1	0.65500458735085	1	0.47	0	0.87791890172896	1
H1_Exp3.227	0.857221438431538	1	0.801658623606414	1	0.44	0	0.971886707906705	1
H1_Exp3.228	0.925200054545436	1	0.829801925415076	1	0.48	0	0.981323456521072	1
H1_Exp3.229	0.854739380223011	1	0.794338560960268	1	0.52	1	0.971091769422607	1
H1_Exp3.230	0.903176059250972	1	0.886946657603408	1	0.38	0	0.989553806083836	1
H1_Exp3.231	0.946247059135329	1	0.898518683729712	1	0.45	0	0.992815669468041	1
H1_Exp3.232	0.960900156689377	1	0.932457724631894	1	0.49	0	0.995540363877884	1
H1_Exp3.233	0.869395931539304	1	0.829962535652212	1	0.4	0	0.968717312759636	1
H1_Exp3.234	0.89022014804008	1	0.769967963519301	1	0.39	0	0.974526279327614	1
H1_Exp3.235	0.932069799577312	1	0.825317947717862	1	0.4	0	0.992925286617278	1
H1_Exp3.236	0.917288631522858	1	0.863530758067524	1	0.54	1	0.987210940402736	1
H1_Exp3.237	0.93341349825357	1	0.829867865828825	1	0.41	0	0.989151093230522	1
H1_Exp3.238	0.885733213309573	1	0.75214950612461	1	0.5	1	0.97461111964626	1
H1_Exp3.239	0.84994663098581	1	0.80017060506888	1	0.42	0	0.966879462045745	1
H1_Exp3.240	0.918668049445848	1	0.881467165085676	1	0.46	0	0.987264633362718	1
H1_Exp3.241	0.936551255581822	1	0.928850612595984	1	0.5	1	0.991160069609484	1
H1_Exp3.242	0.788665029952381	1	0.704220489929778	1	0.43	0	0.939454058639535	1
H1_Exp3.243	0.955041946676162	1	0.869743137675959	1	0.47	0	0.991492091687794	1
H1_Exp3.244	0.878462121362321	1	0.758635703898468	1	0.48	0	0.972545760414876	1
H1_Exp3.246	0.839741263567066	1	0.76459369400493	1	0.4	0	0.933264330910272	1
H1_Exp3.247	0.906138835386872	1	0.839352266655088	1	0.45	0	0.983292734917969	1
H1_Exp3.248	0.863240437138643	1	0.608842214171587	1	0.36	0	0.953698826532072	1
H1_Exp3.249	0.856506219606393	1	0.79116592507018	1	0.41	0	0.966128444139492	1
H1_Exp3.250	0.896911585043277	1	0.737698947444576	1	0.45	0	0.970968652205047	1
H1_Exp3.251	0.887468145159833	1	0.861399691909317	1	0.47	0	0.971418024271682	1
H1_Exp3.252	0.841445474866064	1	0.738550014800221	1	0.49	0	0.959206139072444	1
H1_Exp3.253	0.894623105427797	1	0.799056818066803	1	0.43	0	0.972916815000429	1
H1_Exp3.254	0.795364887457604	1	0.559279115280268	1	0.33	0	0.932586018132344	1
H1_Exp3.255	0.854099382540568	1	0.780330074540184	1	0.44	0	0.945981407087265	1
H1_Exp3.256	0.819538838595926	1	0.704376719771845	1	0.43	0	0.898208507889722	1
H1_Exp3.257	0.85332353849262	1	0.81913582802366	1	0.46	0	0.955021601426509	1
H1_Exp3.258	0.856426766720895	1	0.742557214786946	1	0.5	1	0.945878421601323	1
H1_Exp3.259	0.943799720882328	1	0.887625476141877	1	0.5	1	0.991131335849982	1
H1_Exp3.260	0.901112125717222	1	0.767852396060486	1	0.42	0	0.973548732783565	1
H1_Exp3.261	0.410682320512668	0	0.41797223577124	0	0.43	0	0.530937504619587	1
H1_Exp3.262	0.921799169533834	1	0.847095411711046	1	0.43	0	0.984438127176467	1
H1_Exp3.263	0.921064435558109	1	0.854037413600575	1	0.51	1	0.986754823363307	1
H1_Exp3.264	0.86149212704109	1	0.806495138695207	1	0.45	0	0.951750083618883	1
H1_Exp3.265	0.925445828715356	1	0.896847229323966	1	0.54	1	0.979432279740893	1
H1_Exp3.266	0.912765322777316	1	0.825507306789387	1	0.46	0	0.980712961747373	1
H1_Exp3.267	0.942411395004838	1	0.826643122624596	1	0.46	0	0.984864139352929	1
H1_Exp3.268	0.952952952932783	1	0.895613568261423	1	0.49	0	0.993132178011441	1
H1_Exp3.269	0.968495658830861	1	0.869210415076016	1	0.47	0	0.995485564988231	1
H1_Exp3.270	0.675929831319724	1	0.559422015120238	1	0.45	0	0.697992856231168	1
H1_Exp3.271	0.9634068672057	1	0.860023320867191	1	0.43	0	0.992884636177758	1
H1_Exp3.272	0.847963161015233	1	0.8166032800755	1	0.48	0	0.939731426274302	1
H1_Exp3.273	0.864374909370708	1	0.81870353039467	1	0.48	0	0.953048816428554	1
H1_Exp3.274	0.839726999967939	1	0.758009289410261	1	0.41	0	0.928333340166363	1
H1_Exp3.275	0.968467706413919	1	0.944491138828062	1	0.48	0	0.996632972107461	1
H1_Exp3.276	0.901123546180111	1	0.805057912832806	1	0.4	0	0.97899724077527	1
H1_Exp3.277	0.881595005491131	1	0.762019174058309	1	0.44	0	0.971212097711054	1
H1_Exp3.278	0.87899385950027	1	0.743713440209464	1	0.46	0	0.973590693011924	1
H1_Exp3.279	0.867092367612733	1	0.801685740663774	1	0.33	0	0.953698635639928	1
H1_Exp3.280	0.950955396012552	1	0.834408391040271	1	0.5	1	0.991302860050549	1
H1_Exp3.281	0.781686402553469	1	0.689806506039086	1	0.49	0	0.874862695572072	1
H1_Exp3.282	0.959352826388207	1	0.931180532872399	1	0.5	1	0.993942136761254	1
H1_Exp3.283	0.914536377612774	1	0.853942629344919	1	0.55	1	0.987924656792619	1
H1_Exp3.284	0.747638263713153	1	0.769838763304641	1	0.42	0	0.893104276445613	1
H1_Exp3.285	0.932814317173707	1	0.899153529908455	1	0.54	1	0.98916117210707	1
H1_Exp3.286	0.884753554451402	1	0.780655015307224	1	0.36	0	0.965198697783708	1
H1_Exp3.287	0.957957812406552	1	0.867865609134806	1	0.43	0	0.995719552043178	1
H1_Exp3.288	0.870763036149319	1	0.763591194930306	1	0.42	0	0.965891693761612	1
H1_Exp3.289	0.954775557719201	1	0.888462031332728	1	0.49	0	0.994541980653447	1
H1_Exp3.290	0.848187689789874	1	0.775971564465506	1	0.5	1	0.924743912919138	1
H1_Exp3.291	0.940062468203767	1	0.885728442286014	1	0.46	0	0.987515343993956	1
G2_Exp1.059	0.843122778597024	1	0.805690337123376	1	0.44	0	0.950990012270886	1
G2_Exp1.069	0.943826441617697	1	0.930737756705366	1	0.47	0	0.994827488084333	1
G2_Exp1.075	0.880137055464108	1	0.810075703083299	1	0.46	0	0.969065696660302	1
G2_Exp1.063	0.938883041930798	1	0.893234432552807	1	0.42	0	0.992205774291103	1
G2_Exp1.029	0.837247677614349	1	0.831124794881679	1	0.56	1	0.956094636624445	1
G2_Exp1.076	0.889277261556386	1	0.871322000355794	1	0.45	0	0.976986067628104	1
G2_Exp1.013	0.945466259815538	1	0.925550701278634	1	0.49	0	0.99259976174624	1
G2_Exp1.037	0.92645866922013	1	0.8562923261507	1	0.47	0	0.981864173933161	1
G2_Exp1.057	0.817966480982685	1	0.782931582251099	1	0.46	0	0.95175447062099	1
G2_Exp1.018	0.872352851614635	1	0.824304144178493	1	0.36	0	0.971761059642041	1
G2_Exp1.015	0.871559302757541	1	0.829005900219798	1	0.48	0	0.969924913068585	1
G2_Exp1.019	0.822117807388643	1	0.811907897322544	1	0.45	0	0.952210497806551	1
G2_Exp1.050	0.835137685351819	1	0.667785235949243	1	0.42	0	0.948388526434983	1
G2_Exp1.004	0.947641710751025	1	0.911158338769861	1	0.45	0	0.995104679448551	1
G2_Exp1.061	0.876894678709157	1	0.842673312183873	1	0.45	0	0.976767914107428	1
G2_Exp1.042	0.927859760101626	1	0.902833319077358	1	0.41	0	0.993910439122732	1
G2_Exp1.060	0.856551013244293	1	0.743569658417185	1	0.43	0	0.958506814107859	1
G2_Exp1.058	0.887746514810916	1	0.866646551319485	1	0.4	0	0.981459297832474	1
G2_Exp1.065	0.955284073883242	1	0.931364459121493	1	0.5	1	0.994048402249133	1
G2_Exp1.002	0.933511432047338	1	0.909101431833781	1	0.48	0	0.987018424757835	1
G2_Exp1.044	0.897917202711359	1	0.844079371616512	1	0.41	0	0.982614811652634	1
G2_Exp1.051	0.876994683382637	1	0.847906928343683	1	0.4	0	0.97347860434711	1
G2_Exp1.073	0.871589403495756	1	0.748638236894224	1	0.33	0	0.969792542228876	1
G2_Exp1.030	0.91605670960188	1	0.882105150752697	1	0.52	1	0.961392339631168	1
G2_Exp1.028	0.872825663135069	1	0.899533241267863	1	0.46	0	0.978660478625965	1
G2_Exp1.022	0.851528990641873	1	0.847766533261324	1	0.44	0	0.949181579608208	1
G2_Exp1.034	0.861583671807163	1	0.823808926692181	1	0.42	0	0.955737405667715	1
G2_Exp1.017	0.906456362776793	1	0.924852417695834	1	0.47	0	0.984695253222712	1
G2_Exp1.047	0.882320449151328	1	0.831664417952939	1	0.46	0	0.974053634473963	1
G2_Exp1.072	0.849375105924894	1	0.826450328377771	1	0.47	0	0.944720529801777	1
G2_Exp1.074	0.895933996024334	1	0.784828634896431	1	0.45	0	0.968318107413393	1
G2_Exp1.054	0.892543113057449	1	0.879214646201809	1	0.46	0	0.980025113680583	1
G2_Exp1.024	0.888213659171998	1	0.866458012924647	1	0.45	0	0.981282339049921	1
G2_Exp1.032	0.897235257571796	1	0.852745687105233	1	0.5	1	0.980539621674018	1
G2_Exp1.020	0.797386878067411	1	0.660972436038946	1	0.39	0	0.928527258509325	1
G2_Exp1.064	0.871231424100634	1	0.773839865028905	1	0.39	0	0.973954550004051	1
G2_Exp1.045	0.939522080050784	1	0.905523707716056	1	0.39	0	0.988849032471819	1
G2_Exp1.038	0.915119290205214	1	0.852869385637389	1	0.48	0	0.983038932461696	1
G2_Exp1.001	0.921619475347471	1	0.890132900753943	1	0.46	0	0.987444458809915	1
G2_Exp1.049	0.866279076980515	1	0.837827699704714	1	0.46	0	0.951515361718229	1
G2_Exp1.031	0.913056458728586	1	0.866603429991576	1	0.46	0	0.985643568057369	1
G2_Exp1.039	0.623907235709857	1	0.450497445569778	0	0.42	0	0.777986733086921	1
G2_Exp1.070	0.85687474170782	1	0.699881887600046	1	0.49	0	0.943604176692668	1
G2_Exp1.007	0.853231448095299	1	0.778348404084716	1	0.47	0	0.968918125868892	1
G2_Exp1.021	0.924970191082863	1	0.831085557963138	1	0.5	1	0.984128940227865	1
G2_Exp1.036	0.884139332125985	1	0.821096169608476	1	0.38	0	0.960218203970458	1
G2_Exp1.046	0.820976987953561	1	0.687186336863423	1	0.43	0	0.930982142142963	1
G2_Exp1.040	0.882813344542781	1	0.832460776347206	1	0.38	0	0.964887698713909	1
G2_Exp1.068	0.864744886765573	1	0.791701977472279	1	0.44	0	0.959661632732493	1
G2_Exp1.077	0.918579947711518	1	0.868077219796016	1	0.46	0	0.984807142417144	1
G2_Exp1.026	0.871157110137062	1	0.797099130464926	1	0.35	0	0.963766542338036	1
G2_Exp1.011	0.864188720510618	1	0.821697224016946	1	0.45	0	0.970406739557692	1
G2_Exp1.053	0.767964065402726	1	0.665709148914719	1	0.39	0	0.925708543874048	1
G2_Exp1.008	0.935026334485929	1	0.889027358681542	1	0.46	0	0.993578766153072	1
G2_Exp1.006	0.800804670601503	1	0.622760899740639	1	0.47	0	0.920621973403484	1
G2_Exp1.016	0.964826509203533	1	0.925399232062908	1	0.51	1	0.996880743972213	1
G2_Exp1.010	0.942938826766111	1	0.940497939061726	1	0.43	0	0.995208105362401	1
G2_Exp1.014	0.914760700658143	1	0.889232673891222	1	0.57	1	0.987470757068607	1
G2_Exp1.005	0.944334178621182	1	0.91206916114642	1	0.47	0	0.99270472305021	1
G2_Exp1.048	0.904468831101137	1	0.82387048826626	1	0.47	0	0.973345470290873	1
G2_Exp1.027	0.852130495920365	1	0.744775719287132	1	0.42	0	0.93849965189121	1
G2_Exp1.067	0.829456295930072	1	0.796176760917597	1	0.42	0	0.943156024825439	1
G2_Exp1.009	0.930005499083806	1	0.889600265589489	1	0.47	0	0.990649827390131	1
G2_Exp1.062	0.914257851190014	1	0.851145175588606	1	0.42	0	0.983780103874738	1
G2_Exp1.025	0.946546544709862	1	0.923342454045151	1	0.47	0	0.993819565989099	1
G2_Exp1.056	0.879615748303199	1	0.802053100142061	1	0.48	0	0.964277141897519	1
G2_Exp1.055	0.782123415107828	1	0.691469735681249	1	0.48	0	0.925589421183841	1
G2_Exp1.041	0.916315315503027	1	0.803754197857725	1	0.46	0	0.979555257452687	1
G2_Exp1.012	0.898781898381201	1	0.855263572287006	1	0.49	0	0.974086133958536	1
G2_Exp1.066	0.901341430841241	1	0.797086119944567	1	0.44	0	0.979925740340471	1
G2_Exp1.023	0.949402919373068	1	0.928912479305908	1	0.47	0	0.99326283998578	1
G2_Exp1.033	0.823139962514644	1	0.719853804312036	1	0.41	0	0.948463672776574	1
G2_Exp1.043	0.818831112791488	1	0.775311822432945	1	0.42	0	0.937408931593855	1
G2_Exp1.052	0.917099268299924	1	0.882738817163086	1	0.47	0	0.988233427761712	1
G2_Exp1.071	0.906612255585595	1	0.865021158456324	1	0.49	0	0.979248930412677	1
G2_Exp1.003	0.922228231398831	1	0.883083305505013	1	0.5	1	0.989018036477883	1
S_Exp1.071	0.914477234430848	1	0.887847866444504	1	0.32	0	0.981530867963268	1
S_Exp1.074	0.859216660324868	1	0.731650195390482	1	0.41	0	0.958469471770297	1
S_Exp1.031	0.945076160895226	1	0.904823078139063	1	0.54	1	0.98980407628568	1
S_Exp1.032	0.918882650544704	1	0.891638966950694	1	0.46	0	0.981884554230747	1
S_Exp1.035	0.90976453406842	1	0.828101900441777	1	0.42	0	0.979777390826094	1
S_Exp1.030	0.831788844942517	1	0.763580412394892	1	0.54	1	0.940832437064371	1
S_Exp1.056	0.969125716582637	1	0.905877407797364	1	0.46	0	0.995964299372356	1
S_Exp1.011	0.953811181911318	1	0.894926732504873	1	0.44	0	0.995320379609104	1
S_Exp1.016	0.899348077743737	1	0.865526699849389	1	0.43	0	0.972571517484517	1
S_Exp1.013	0.827163452053264	1	0.75516101597549	1	0.43	0	0.968402630457249	1
S_Exp1.063	0.937445428403288	1	0.902207803784269	1	0.45	0	0.992922825512318	1
S_Exp1.038	0.912950713465305	1	0.853768435633498	1	0.48	0	0.980699875829199	1
S_Exp1.065	0.971794781770133	1	0.941215470279531	1	0.47	0	0.996698152473501	1
S_Exp1.048	0.904383371528559	1	0.7468080857194	1	0.44	0	0.982128189202465	1
S_Exp1.051	0.940970035958247	1	0.892943479867564	1	0.55	1	0.982897666333038	1
S_Exp1.078	0.898976863581409	1	0.754280071803075	1	0.5	1	0.966472134302915	1
S_Exp1.023	0.96599699056966	1	0.924838751500886	1	0.54	1	0.997111695822933	1
S_Exp1.022	0.927402046103938	1	0.816353989031538	1	0.43	0	0.988729670962795	1
S_Exp1.001	0.914562170093544	1	0.91400947971285	1	0.5	1	0.985447014555557	1
S_Exp1.046	0.899623020951826	1	0.822430021309496	1	0.46	0	0.974395220281343	1
S_Exp1.061	0.933531860793686	1	0.850683717243285	1	0.53	1	0.988290918151328	1
S_Exp1.080	0.929737599129903	1	0.846941459388155	1	0.46	0	0.986368420048132	1
S_Exp1.069	0.932297731491221	1	0.871649783520907	1	0.56	1	0.989977506557311	1
S_Exp1.076	0.838796779397477	1	0.829971451956253	1	0.51	1	0.967746770541756	1
S_Exp1.019	0.910934965642883	1	0.833662111340425	1	0.47	0	0.981090050353451	1
S_Exp1.003	0.959252538973336	1	0.911045553299231	1	0.48	0	0.995084943241006	1
S_Exp1.006	0.554387367676143	1	0.453898889696788	0	0.37	0	0.56161256062424	1
S_Exp1.029	0.887786963005151	1	0.843556822963365	1	0.39	0	0.978647166584957	1
S_Exp1.025	0.944352096135876	1	0.917597975598262	1	0.41	0	0.993712220182559	1
S_Exp1.064	0.781103176414714	1	0.64904944139042	1	0.43	0	0.928926357534912	1
S_Exp1.041	0.935378278216243	1	0.887369290902022	1	0.51	1	0.992840192323745	1
S_Exp1.057	0.906031383020073	1	0.842246589842224	1	0.54	1	0.984798819577696	1
S_Exp1.068	0.89439653937996	1	0.836445562428234	1	0.44	0	0.975869008416434	1
S_Exp1.073	0.903098001191224	1	0.779149639352062	1	0.46	0	0.983646260262264	1
S_Exp1.014	0.722210667033231	1	0.538105346167538	1	0.44	0	0.773937848040952	1
S_Exp1.039	0.885942750184824	1	0.77117089817184	1	0.5	1	0.9484444346612	1
S_Exp1.055	0.928634851651236	1	0.846329195142718	1	0.56	1	0.9874129585695	1
S_Exp1.033	0.868299463026383	1	0.777664295906766	1	0.43	0	0.96663221950675	1
S_Exp1.081	0.885865747945001	1	0.860525970634339	1	0.55	1	0.965549294795396	1
S_Exp1.004	0.969671860030693	1	0.960016832086901	1	0.53	1	0.998558277216356	1
S_Exp1.045	0.926855050025592	1	0.92233622886322	1	0.48	0	0.987718949052465	1
S_Exp1.009	0.89082873662143	1	0.847268953024658	1	0.6	1	0.980947732343119	1
S_Exp1.054	0.889912439267423	1	0.788230288488238	1	0.52	1	0.961423687712748	1
S_Exp1.018	0.956946445541188	1	0.931117128188915	1	0.54	1	0.996693163778298	1
S_Exp1.034	0.9252100991182	1	0.840949645974093	1	0.41	0	0.986894308036184	1
S_Exp1.042	0.870715195438671	1	0.813915327867291	1	0.53	1	0.964894996793899	1
S_Exp1.067	0.933406957057833	1	0.868878162298701	1	0.5	1	0.990837079827305	1
S_Exp1.012	0.952618314430451	1	0.925056605019635	1	0.55	1	0.994922254245585	1
S_Exp1.002	0.880436339049069	1	0.810539243967167	1	0.49	0	0.9772840636301	1
S_Exp1.037	0.904112461701021	1	0.813369672717211	1	0.47	0	0.981043986466433	1
S_Exp1.070	0.893871087525156	1	0.814733940166677	1	0.47	0	0.974136523519163	1
S_Exp1.053	0.937827117466873	1	0.861841035706621	1	0.48	0	0.98675595373989	1
S_Exp1.036	0.900450832610679	1	0.788401460520226	1	0.46	0	0.979783892770163	1
S_Exp1.021	0.941713074177425	1	0.87487615458949	1	0.5	1	0.990649876023488	1
S_Exp1.020	0.84733377109488	1	0.752185333386334	1	0.48	0	0.936894010961141	1
S_Exp1.060	0.938041013341544	1	0.909156361987787	1	0.47	0	0.989652527597702	1
S_Exp1.015	0.864278468441054	1	0.763485781273491	1	0.46	0	0.966497013535691	1
S_Exp1.059	0.933643672027197	1	0.869451640220332	1	0.47	0	0.993525945711623	1
S_Exp1.066	0.861832882178592	1	0.817059848170941	1	0.42	0	0.953917451589017	1
S_Exp1.062	0.922777477378602	1	0.832620987906313	1	0.49	0	0.990567558995047	1
S_Exp1.040	0.447304663741953	0	0.269593331405641	0	0.39	0	0.409735751738029	0
S_Exp1.028	0.928720554607138	1	0.889252909147471	1	0.44	0	0.988542177697082	1
S_Exp1.079	0.911514974245534	1	0.850504138007197	1	0.45	0	0.989944859681277	1
S_Exp1.047	0.932228959503775	1	0.90223174268341	1	0.5	1	0.991856674150073	1
S_Exp1.044	0.946128179439091	1	0.906233582906841	1	0.49	0	0.993427618750615	1
S_Exp1.026	0.901166761889522	1	0.850290672709385	1	0.44	0	0.983719149428709	1
S_Exp1.077	0.924812600525774	1	0.842106182572679	1	0.36	0	0.987283291877135	1
S_Exp1.052	0.888174091448554	1	0.832675454951099	1	0.5	1	0.97858771431927	1
S_Exp1.007	0.909932327501829	1	0.8361190277254	1	0.45	0	0.981083363243956	1
S_Exp1.027	0.944449447034271	1	0.895627913870622	1	0.49	0	0.990684611505037	1
S_Exp1.075	0.949817851873173	1	0.892246650874075	1	0.53	1	0.995351652230428	1
S_Exp1.049	0.952214013754059	1	0.876029130688578	1	0.5	1	0.988314875973873	1
S_Exp1.072	0.915532904799023	1	0.847064275047226	1	0.43	0	0.981912092940226	1
S_Exp1.005	0.910002945027085	1	0.888546740860897	1	0.5	1	0.984687297268715	1
S_Exp1.058	0.942844555471814	1	0.938509192876914	1	0.58	1	0.991829441047585	1
S_Exp1.010	0.735089975085753	1	0.528240568098994	1	0.35	0	0.849576052481097	1
S_Exp1.043	0.941049743833648	1	0.931393661959569	1	0.44	0	0.992098930943106	1
S_Exp1.050	0.903978163498449	1	0.855466688292466	1	0.52	1	0.977909187907972	1
G1_Exp1.048	0.807691428715031	1	0.65586959661508	1	0.45	0	0.94538897271374	1
G1_Exp1.090	0.924655338323455	1	0.849692261400551	1	0.55	1	0.983433385014457	1
G1_Exp1.061	0.853004699004818	1	0.775418355500314	1	0.42	0	0.959014003812231	1
G1_Exp1.025	0.902819858482862	1	0.922050574418551	1	0.45	0	0.987054232345447	1
G1_Exp1.033	0.903750740250261	1	0.78666536048534	1	0.41	0	0.98140303766771	1
G1_Exp1.081	0.909547932459206	1	0.900836109753559	1	0.47	0	0.979959504452627	1
G1_Exp1.013	0.974929232316178	1	0.960431714237465	1	0.51	1	0.998615610021706	1
G1_Exp1.024	0.939265631994472	1	0.895983181850527	1	0.5	1	0.991831311558134	1
G1_Exp1.056	0.856810433768429	1	0.851570980463995	1	0.44	0	0.958615509014062	1
G1_Exp1.026	0.937530678661482	1	0.896364633472705	1	0.38	0	0.991333676743234	1
G1_Exp1.064	0.940944106394584	1	0.913816035078141	1	0.46	0	0.992070391889564	1
G1_Exp1.053	0.965480329294561	1	0.887895710695019	1	0.46	0	0.99328574621256	1
G1_Exp1.070	0.908884927988581	1	0.794750901079993	1	0.47	0	0.98822733152884	1
G1_Exp1.087	0.919280106574809	1	0.843970569638274	1	0.46	0	0.985786401919896	1
G1_Exp1.067	0.722961601636246	1	0.611028863405911	1	0.43	0	0.850608906452922	1
G1_Exp1.003	0.953020472839679	1	0.950485630470301	1	0.47	0	0.996242316774294	1
G1_Exp1.052	0.937179505396304	1	0.904742306886003	1	0.45	0	0.992303628811512	1
G1_Exp1.060	0.926358552655244	1	0.872315252116371	1	0.45	0	0.986347549001413	1
G1_Exp1.071	0.845920523997283	1	0.812505053416274	1	0.41	0	0.950161519365398	1
G1_Exp1.045	0.889281123047632	1	0.796368838482446	1	0.4	0	0.978163698264265	1
G1_Exp1.040	0.901219461484312	1	0.878138626026945	1	0.37	0	0.978065289069348	1
G1_Exp1.016	0.938382341901344	1	0.877737480957713	1	0.41	0	0.992035160285523	1
G1_Exp1.027	0.820008199515664	1	0.740672688368728	1	0.46	0	0.917055691453307	1
G1_Exp1.059	0.80402658884578	1	0.698090924681912	1	0.4	0	0.930947803199981	1
G1_Exp1.002	0.903801921702779	1	0.841963101119832	1	0.49	0	0.974949504603074	1
G1_Exp1.021	0.970086405122219	1	0.946694012160485	1	0.55	1	0.996960895077239	1
G1_Exp1.015	0.867983423547285	1	0.886202375753157	1	0.49	0	0.968001982672578	1
G1_Exp1.042	0.868070301600665	1	0.783619009119898	1	0.44	0	0.978455845085803	1
G1_Exp1.058	0.886545329641813	1	0.828402080626507	1	0.55	1	0.970312758033095	1
G1_Exp1.075	0.838167284328544	1	0.744691625920488	1	0.4	0	0.944097987535099	1
G1_Exp1.019	0.967735275660877	1	0.919710157372978	1	0.49	0	0.997300374907348	1
G1_Exp1.074	0.870129264135707	1	0.746229160694694	1	0.39	0	0.961144271396258	1
G1_Exp1.079	0.909450828130291	1	0.841646403543377	1	0.44	0	0.981265246452213	1
G1_Exp1.038	0.93410690799839	1	0.819893040126228	1	0.44	0	0.99034467726943	1
G1_Exp1.035	0.896742974242012	1	0.880910854413036	1	0.44	0	0.985065845217922	1
G1_Exp1.012	0.959885672486749	1	0.927695319545381	1	0.46	0	0.996441564660311	1
G1_Exp1.032	0.899023222144596	1	0.82747868188207	1	0.37	0	0.974375250952619	1
G1_Exp1.009	0.817804614732196	1	0.704324141077242	1	0.41	0	0.949968135794911	1
G1_Exp1.043	0.858622994624666	1	0.774780427981887	1	0.41	0	0.955666544671866	1
G1_Exp1.089	0.870435017540305	1	0.770312210081876	1	0.39	0	0.954851958572507	1
G1_Exp1.080	0.952011385077029	1	0.928029888762161	1	0.49	0	0.994830939766044	1
G1_Exp1.007	0.948190305678292	1	0.919122719658586	1	0.6	1	0.989781348493288	1
G1_Exp1.062	0.865114816468214	1	0.790195074822528	1	0.47	0	0.96566054492949	1
G1_Exp1.069	0.912822715268498	1	0.857197690810063	1	0.43	0	0.983838820348268	1
G1_Exp1.004	0.937198131215389	1	0.887529777106957	1	0.46	0	0.989226002369887	1
G1_Exp1.010	0.87583786224257	1	0.783422133328484	1	0.49	0	0.977841711511273	1
G1_Exp1.044	0.83342256792961	1	0.653736393646377	1	0.44	0	0.936428860417184	1
G1_Exp1.065	0.897824501110547	1	0.824183106033539	1	0.43	0	0.980189559536878	1
G1_Exp1.029	0.912712352987841	1	0.862840338587548	1	0.54	1	0.985934456788623	1
G1_Exp1.086	0.925429043129839	1	0.848020793119788	1	0.38	0	0.990281114220334	1
G1_Exp1.084	0.788643326294211	1	0.712414626977589	1	0.4	0	0.907447840478607	1
G1_Exp1.088	0.884977690724438	1	0.808113166875919	1	0.44	0	0.971942380788132	1
G1_Exp1.051	0.954895851861625	1	0.922185420238573	1	0.44	0	0.993720650781863	1
G1_Exp1.085	0.868556020920249	1	0.734605319992654	1	0.46	0	0.961479646444043	1
G1_Exp1.066	0.875644397937373	1	0.786514715617385	1	0.5	1	0.97318441986085	1
G1_Exp1.047	0.968370249072226	1	0.906938490904426	1	0.45	0	0.995990924528775	1
G1_Exp1.072	0.899610104966924	1	0.855379649443426	1	0.45	0	0.975620822774487	1
G1_Exp1.057	0.797660424921752	1	0.729041913828721	1	0.39	0	0.938461204193215	1
G1_Exp1.054	0.784842018785649	1	0.652996510549079	1	0.42	0	0.915280684506466	1
G1_Exp1.082	0.94484208255455	1	0.902497422864507	1	0.47	0	0.99320337919928	1
G1_Exp1.031	0.911232047526613	1	0.804266444778032	1	0.38	0	0.978677882943175	1
G1_Exp1.077	0.849609166910832	1	0.755163987582507	1	0.38	0	0.952462240600099	1
G1_Exp1.091	0.863259843885369	1	0.887290255150269	1	0.48	0	0.967549486015696	1
G1_Exp1.078	0.840668884431066	1	0.76587343316748	1	0.53	1	0.945957316356054	1
G1_Exp1.073	0.911781612035563	1	0.83283990858255	1	0.43	0	0.981375118693297	1
G1_Exp1.068	0.937153446984016	1	0.868123008893478	1	0.48	0	0.991501385061794	1
G1_Exp1.001	0.856786252464815	1	0.750880506769028	1	0.52	1	0.966740009843134	1
G1_Exp1.023	0.949048746859532	1	0.90513305079675	1	0.48	0	0.993993064089488	1
G1_Exp1.022	0.96229305283406	1	0.891948057061377	1	0.37	0	0.994998157540704	1
G1_Exp1.034	0.943763935480901	1	0.867218537140581	1	0.39	0	0.989494154733343	1
G1_Exp1.005	0.902374298600663	1	0.868075199668142	1	0.56	1	0.987878504086126	1
G1_Exp1.039	0.928631624856656	1	0.861927690450563	1	0.43	0	0.984754635034689	1
G1_Exp1.037	0.939958974441608	1	0.809409793078454	1	0.48	0	0.986805160078726	1
G1_Exp1.014	0.860463521701049	1	0.755132126224924	1	0.42	0	0.965984471867331	1
G1_Exp1.017	0.867666120074977	1	0.872692459814928	1	0.54	1	0.968088768632952	1
G1_Exp1.020	0.865870824295347	1	0.816015102673835	1	0.46	0	0.970049295171835	1
G1_Exp1.028	0.927441613226859	1	0.881884994426109	1	0.45	0	0.992483910210013	1
G1_Exp1.036	0.933124691289779	1	0.900086020082398	1	0.43	0	0.988222477087816	1
G1_Exp1.049	0.841402465413634	1	0.71908093490359	1	0.4	0	0.960433238623639	1
G1_Exp1.041	0.852804995443313	1	0.8309758929719	1	0.43	0	0.964834808857625	1
G1_Exp1.006	0.885845175345238	1	0.820453303250993	1	0.45	0	0.979009284123033	1
G1_Exp1.008	0.864159970990436	1	0.736982748942937	1	0.41	0	0.953366396104342	1
G1_Exp1.055	0.928011624776051	1	0.824000605464482	1	0.45	0	0.984720558164861	1
G1_Exp1.050	0.830680095858677	1	0.768649705506378	1	0.45	0	0.930763049494481	1
G1_Exp1.076	0.909370596897406	1	0.862920379682125	1	0.44	0	0.986036748871284	1
G1_Exp1.011	0.85500914333471	1	0.775317366909024	1	0.46	0	0.950127527071237	1
G1_Exp1.063	0.857722237183766	1	0.72586542512234	1	0.3	0	0.94928993964162	1
G1_Exp1.083	0.910596615209369	1	0.834887187608728	1	0.36	0	0.981093781127705	1
G1_Exp1.030	0.85852082526139	1	0.63840131357855	1	0.43	0	0.962310431408383	1
G1_Exp1.018	0.902889439563476	1	0.846078623303704	1	0.38	0	0.979419095748179	1
G1_Exp1.046	0.868041829414585	1	0.762013499196413	1	0.45	0	0.956978926099576	1
